<?xml version="1.0" encoding="UTF-8"?>
<struktogramm fontfamily="83;101;114;105;102;" fontstyle="0" fontsize="15">
  <strelem typ="0" zx="0" zy="0" textcolor="-16777216" bgcolor="-1">
    <text>65;117;115;103;97;98;101;58;32;70;114;97;103;101;115;116;101;108;108;117;110;103;</text>
  </strelem>
  <strelem typ="0" zx="0" zy="0" textcolor="-16777216" bgcolor="-1">
    <text>69;105;110;108;101;115;101;110;58;32;65;110;116;119;111;114;116;32;100;101;115;32;66;101;110;117;116;122;101;114;115;</text>
  </strelem>
  <strelem typ="1" zx="0" zy="0" textcolor="-16777216" bgcolor="-1">
    <text>86;101;114;103;108;101;105;99;104;58;32;65;110;116;119;111;114;116;32;82;105;99;104;116;105;103;63;</text>
    <fall fallname="74;97;">
      <strelem typ="0" zx="0" zy="0" textcolor="-16777216" bgcolor="-1">
        <text>65;117;115;103;97;98;101;58;32;79;75;47;32;82;105;99;104;116;105;103;101;32;65;110;116;119;111;114;116;</text>
      </strelem>
    </fall>
    <fall fallname="78;101;105;110;">
      <strelem typ="0" zx="0" zy="0" textcolor="-16777216" bgcolor="-1">
        <text>65;117;115;103;97;98;101;58;32;78;111;112;101;58;32;60;82;105;99;104;116;101;32;65;110;116;119;111;114;116;62;</text>
      </strelem>
    </fall>
  </strelem>
  <strelem typ="0" zx="0" zy="0" textcolor="-16777216" bgcolor="-1">
    <text>82;252;99;107;103;97;98;101;119;101;114;116;58;32;82;105;99;104;116;105;103;32;49;32;115;111;110;115;116;32;48;</text>
  </strelem>
</struktogramm>

