<?xml version="1.0" encoding="UTF-8"?>
<struktogramm fontfamily="83;101;114;105;102;" fontstyle="0" fontsize="15">
  <strelem typ="0" zx="0" zy="0" textcolor="-16777216" bgcolor="-1">
    <text>66;101;110;246;116;105;103;116;101;110;32;68;97;116;101;110;102;101;108;100;101;114;32;100;101;107;108;97;114;105;101;114;101;110;32;117;110;100;32;105;110;105;116;105;97;108;105;115;105;101;114;101;110;</text>
  </strelem>
  <strelem typ="4" zx="0" zy="0" textcolor="-16777216" bgcolor="-1">
    <text>83;111;108;97;110;103;101;32;108;101;116;122;116;101;69;105;110;103;97;98;101;32;60;62;32;48;</text>
    <schleifeninhalt>
      <strelem typ="0" zx="0" zy="0" textcolor="-16777216" bgcolor="-1">
        <text>75;111;110;115;111;108;101;32;108;101;101;114;101;110;</text>
      </strelem>
      <strelem typ="0" zx="0" zy="0" textcolor="-16777216" bgcolor="-1">
        <text>65;117;115;103;97;98;101;32;100;101;115;32;77;101;110;252;115;32;117;110;100;32;100;101;115;32;97;108;108;103;101;109;101;105;110;101;110;32;84;101;120;116;101;115;</text>
      </strelem>
      <strelem typ="1" zx="0" zy="0" textcolor="-16777216" bgcolor="-1">
        <text>109;105;110;100;101;115;116;101;110;115;32;101;105;110;101;32;70;114;97;103;101;32;103;101;115;116;101;108;108;116;</text>
        <fall fallname="74;97;">
          <strelem typ="0" zx="0" zy="0" textcolor="-16777216" bgcolor="-1">
            <text>83;116;97;116;105;115;116;105;107;32;97;117;115;103;101;98;101;110;</text>
          </strelem>
        </fall>
        <fall fallname="78;101;105;110;">
          <strelem typ="9" zx="0" zy="0" textcolor="-16777216" bgcolor="-1">
            <text>248;</text>
          </strelem>
        </fall>
      </strelem>
      <strelem typ="0" zx="0" zy="0" textcolor="-16777216" bgcolor="-1">
        <text>66;101;110;117;116;122;101;114;101;105;110;103;97;98;101;32;102;252;114;32;100;97;115;32;77;101;110;252;32;101;105;110;108;101;115;101;110;</text>
      </strelem>
      <strelem typ="2" zx="0" zy="0" textcolor="-16777216" bgcolor="-1">
        <text>70;97;108;108;97;117;115;119;97;104;108;32;102;252;114;32;69;105;110;103;97;98;101;</text>
        <fall fallname="48;">
          <strelem typ="0" zx="0" zy="0" textcolor="-16777216" bgcolor="-1">
            <text>80;114;111;103;114;97;109;109;32;109;105;116;32;48;32;98;101;101;110;100;101;110;</text>
          </strelem>
        </fall>
        <fall fallname="49;">
          <strelem typ="3" zx="0" zy="0" textcolor="-16777216" bgcolor="-1">
            <text>48;32;60;32;105;32;60;32;97;110;122;97;104;108;70;114;97;103;101;110;</text>
            <schleifeninhalt>
              <strelem typ="0" zx="0" zy="0" textcolor="-16777216" bgcolor="-1">
                <text>101;105;110;101;70;114;97;103;101;83;116;101;108;108;101;110;</text>
                <text>117;110;100;32;115;116;97;116;105;115;116;105;107;32;101;114;102;97;115;115;101;110;</text>
              </strelem>
            </schleifeninhalt>
          </strelem>
        </fall>
        <fall fallname="50;">
          <strelem typ="0" zx="0" zy="0" textcolor="-16777216" bgcolor="-1">
            <text>90;117;102;97;108;108;115;122;97;104;108;32;101;114;122;101;117;103;101;110;</text>
          </strelem>
          <strelem typ="1" zx="0" zy="0" textcolor="-16777216" bgcolor="-1">
            <text>87;101;110;110;32;65;110;122;97;104;108;32;100;101;114;32;70;114;97;103;101;110;32;62;32;48;</text>
            <fall fallname="74;97;">
              <strelem typ="0" zx="0" zy="0" textcolor="-16777216" bgcolor="-1">
                <text>70;114;97;103;101;78;114;46;32;90;117;102;97;108;108;115;122;97;104;108;32;77;111;100;117;108;111;32;65;110;122;97;104;108;32;115;116;101;108;108;101;110;</text>
                <text>117;110;100;32;115;116;97;116;105;115;116;105;107;100;97;116;101;110;32;101;114;102;97;115;115;101;110;</text>
              </strelem>
            </fall>
            <fall fallname="78;101;105;110;">
              <strelem typ="0" zx="0" zy="0" textcolor="-16777216" bgcolor="-1">
                <text>65;117;115;103;97;98;101;58;32;66;105;116;116;32;101;114;115;116;32;70;114;97;103;101;110;32;101;105;110;108;101;115;101;110;</text>
              </strelem>
            </fall>
          </strelem>
        </fall>
        <fall fallname="51;">
          <strelem typ="1" zx="0" zy="0" textcolor="-16777216" bgcolor="-1">
            <text>80;114;101;99;111;109;112;105;108;101;114;58;32;105;115;116;32;100;101;114;32;68;97;116;101;105;110;97;109;101;</text>
            <text>102;101;115;116;32;118;101;114;103;101;98;101;110;63;</text>
            <fall fallname="74;97;">
              <strelem typ="9" zx="0" zy="0" textcolor="-16777216" bgcolor="-1">
                <text>248;</text>
              </strelem>
            </fall>
            <fall fallname="78;101;105;110;">
              <strelem typ="0" zx="0" zy="0" textcolor="-16777216" bgcolor="-1">
                <text>68;97;116;101;105;110;97;109;101;32;101;105;110;108;101;115;101;110;</text>
              </strelem>
            </fall>
          </strelem>
          <strelem typ="0" zx="0" zy="0" textcolor="-16777216" bgcolor="-1">
            <text>65;117;115;103;97;98;101;58;32;76;101;115;101;32;97;117;115;32;68;97;116;101;105;32;46;46;46;</text>
          </strelem>
          <strelem typ="0" zx="0" zy="0" textcolor="-16777216" bgcolor="-1">
            <text>102;101;108;100;95;108;97;100;101;110;95;97;117;115;95;100;97;116;101;105;</text>
            <text>103;101;108;97;100;101;110;101;32;65;110;122;97;104;108;32;115;105;99;104;101;114;110;</text>
          </strelem>
          <strelem typ="0" zx="0" zy="0" textcolor="-16777216" bgcolor="-1">
            <text>110;97;99;104;32;69;110;116;101;114;32;70;101;110;115;116;101;114;32;108;101;101;114;101;110;</text>
          </strelem>
          <strelem typ="0" zx="0" zy="0" textcolor="-16777216" bgcolor="-1">
            <text>65;110;122;97;104;108;32;100;101;114;32;103;101;108;97;100;101;110;101;110;32;70;114;97;103;101;110;32;97;110;122;101;105;103;101;110;</text>
          </strelem>
        </fall>
        <fall fallname="57;">
          <strelem typ="0" zx="0" zy="0" textcolor="-16777216" bgcolor="-1">
            <text>68;101;98;117;103;45;77;101;110;252;32;97;117;102;114;117;102;101;110;</text>
          </strelem>
          <strelem typ="0" zx="0" zy="0" textcolor="-16777216" bgcolor="-1">
            <text>69;105;110;103;97;98;101;32;58;61;32;45;49;</text>
            <text>40;68;97;109;105;116;32;100;97;115;32;80;114;111;103;114;97;109;109;32;110;105;99;104;116;32;98;101;101;110;100;101;116;32;119;105;114;100;41;</text>
          </strelem>
        </fall>
        <fall fallname="115;111;110;115;116;">
          <strelem typ="9" zx="0" zy="0" textcolor="-16777216" bgcolor="-1">
            <text>248;</text>
          </strelem>
        </fall>
      </strelem>
    </schleifeninhalt>
  </strelem>
  <strelem typ="0" zx="0" zy="0" textcolor="-16777216" bgcolor="-1">
    <text>69;110;100;101;32;109;105;116;32;48;</text>
  </strelem>
</struktogramm>

